2
4
10
26
68
178
466
1220
3194
8362
21892
57314
150050 
392836
1028458
2692538
7049156
18454930
48315634
126491972
331160282
866988874
2269806340
5942430146
15557484098
40730022148
106632582346
279167724890
730870592324
1913444052082
5009461563922
13114940639684
34335360355130
89891140425706
235338060921988
616123042340258
1613031066098786
4222970155956100
11055879401769514
28944668049352442
75778124746287812
198389706189510994
519390993822245170
1359783275277224516
3559958832009428378
9320093220751060618
24400320830243753476
63880869269980199810
167242286979696845954
437845991669110338052
1146295688027634168202
3001041072413792166554
7856827529213742331460
20569441515227434827826
53851497016468562152018
140985049534178251628228
369103651586066192732666
966325905224020326569770
2529874064085994786976644
6623296287033964034360162
17340014797015897316103842
45396748104013727913951364
118850229515025286425750250
311153940441062131363299386
814611591808161107664147908
2132680834983421191629144338
5583430913142102467223285106
14617611904442886210040710980
38269404800186556162898847834
100190602496116782278655832522
262302402688163790673068649732
686716605568374589740550116674
1797847414016959978548581700290
4706825636482505345905194984196
12322629495430556059167003252298
32261062849809162831595814772698
84460559053996932435620441065796
221120614312181634475265508424690
578901283882547970990176084208274
1515583237335462278495262744200132
3967848428123838864495612148392122
10387962047036054314991573700976234
27196037712984324080479108954536580
71200151091916917926445753162633506
186404415562766429698858150533363938
488013095596382371170128698437458308
1277634871226380683811527944779010986
3344891518082759680264455135899574650
8757039683021898356981837462919712964
22926227530982935390681057252859564242
60021642909926907815061334295658979762
157138701198797788054502945634117375044
411394460686466456348447502606693145370
1077044680860601580990839562185962061066
2819739581895338286624071183951193037828
7382174064825413278881373989667617052418
19326782612580901550020050785051658119426
50598173772917291371178778365487357305860
132467738706170972563516284311410413798154
346805042345595626319370074568743884088602
907947388330615906394593939394821238467652
2377037122646252092864411743615719831314354
6223163979608140372198641291452338255475410
16292454816178169023731512130741294935111876
42654200468926366698995895100771546549860218
111670146590600931073256173171573344714468778
292356239302876426520772624413948487593546116
765398571318028348489061700070272118066169570
2003839474651208618946412475796867866604962594
5246119852635597508350175727320331481748718212
13734520083255583906104114706164126578641192042
35957440397131154209962168391172048254174857914
94137801108137878723782390467352018183883381700
246455962927282481961385003010884006297475287186
645230087673709567160372618565300000708542479858
1689234300093846219519732852685015995828152152388
4422472812607829091398825939489747986775913977306
11578184137729641054676744965784227964499589779530
30312079600581094072631408957862935906722855361284
79358054664013641163217481907804579755668976304322
207762084391459829417021036765550803360284073551682
543928198510365847087845628388847830325183244350724
1424022511139637711846515848400992687615265659500490
3728139334908547288451701916814130232520613734150746
9760395493586004153508589902041398009946575542951748
25553047145849465172074067789310063797319112894704498
66898745943962391362713613465888793382010763141161746
175143190686037708916066772608356316348713176528780740
458530826114150735385486704359180155664128766445180474
1200449287656414497240393340469184150643673122806760682
3142817036855092756335693317048372296266890601975101572
8228001822908863771766686610675932738156998683118544034
21541188431871498558964366514979425918204105447380530530
56395563472705631905126412934262345016455317659023047556
147645501986245397156414872287807609131161847529688612138
386540942486030559564118203929160482377030224930042788858
1011977325471846281535939739499673837999928827260439754436
2649391033929508285043701014569861031622756256851276474450
6936195776316678573595163304209909256868339943293389668914
18159196295020527435741788898059866738982263573028892532292
47541393108744903733630203389969690960078450775793287927962
124464983031214183765148821271849206141253088754350971251594
325853555984897647561816260425577927463680815487259625826820
853095684923478758920299960004884576249789357707427906228866
2233433498785538629199083619589075801285687257635024092859778
5847204811433137128676950898762342827607272415197644372350468
15308180935513872756831769076697952681536129987957909024191626
40077337995108481141818356331331515217001117548676082700224410
104923833049811570668623299917296592969467222658070339076481604
274694161154326230864051543420558263691400550425534934529220402
719158650413167121923531330344378198104734428618534464511179602
1882781790085175134906542447612576330622802735430068459004318404
4929186719842358282796096012493350793763673777671670912501775610
12904778369441899713481745589867476050668218597584944278501008426
33785148388483340857649140757109077358240982015083161923001249668
88450666796008122859465676681459756024054727447664541490502740578
231566851999541027720747889287270190713923200327910462548506972066
606249889202614960302777991180350816117714873536066846155018175620
1587182815608303853187586084253782257639221420280290075916547554794
4155298557622296599259980261580995956799949387304803381594624488762
10878712857258585944592354700489205612760626741634120068867325911492
28480840014153461234517083839886620881481930837597556825007353245714
74563807185201797758958896819170657031685165771158550406154733825650
195210581541451932042359606617625350213573566475878094393456848231236
511067937439153998368119923033705393609035533656475732774215810868058
1337993230776010063062000162483490830613533034493549103929190584372938
3502911754888876190817880564416767098231563569824171579013355942250756
9170742033890618509391641530766810464081157674978965633110877242379330
24009314346782979337357044027883664294011909455112725320319275784887234
62857201006458319502679490552884182417954570690359210327846950112282372
164562288672591979170681427630768882959851802615964905663221574551959882
430829665011317618009364792339422466461600837157535506661817773543597274
1127926706361360874857412949387498516424950708856641614322231746078831940
2952950454072765006562874055823073082813251289412389336304877464692898546
7730924655856934144831209218081720732014803159380526394592400647999863698
20239823513498037427930753598422089113231158188729189847472324479306692548
52988545884637178138961051577184546607678671406807043147824572789920213946
138725814140413496988952401133131550709804856031691939596001393890453949290
363188896536603312827896151822210105521735896688268775640179608881441633924
950840875469396441494736054333498765855402834033114387324537432753870952482
2489333729871586011656312011178286192044472605411074386333432689380171223522
6517160314145361593474199979201359810278014982200108771675760635386642718084
17062147212564498768766287926425793238789572341189251928693849216779756930730
44669281323548134712824663800076019906090702041367647014405787014952628074106
116945696758079905369707703473802266479482533782913689114523511828078127291588
306167808950691581396298446621330779532356899307373420329164748469281753800658
801557730093994838819187636390190072117588164139206571872970733579767134110386
2098505381331292935061264462549239436820407593110246295289747452270019648530500
5493958413899883966364605751257528238343634615191532313996271623230291811481114
14383369860368358964032552791223345278210496252464350646699067417420855785912842
37656151167205192925733052622412507596287854142201519626100930629032275546257412
98585083641247219813166605076014177510653066174140208231603724469675970852859394
258099099756536466513766762605630024935671344380219105068710242779995637012320770
675712215628362179728133682740875897296360966966517106974527003870310940184102916
1769037547128550072670634285616997666953411556519332215854870768830937183539987978
4631400425757288038283769174110117103563873702591479540590085302622500610435861018
12125163730143314042180673236713353643738209551255106405915385139036564647767595076
31744090764672654088258250536029943827650754951173839677156070114487193332866924210
83107108563874648222594078371376477839214055302266412625552825204425015350833177554
217577234926951290579523984578099489689991410955625398199502405498787852719632608452
569624596216979223515977875362921991230760177564609781972954391291938542808064647802
1491296553723986379968409641510666484002289121738203947719360768377027775704561334954
3904265064954979916389251049169077460776107187650002061185127913839144784305619357060
10221498641140953369199343505996565898326032441211802235836022973140406577212296736226
26760230858467880191208779468820620234201990135985404646322941005582074947331270851618
70059193934262687204426994900465294804279937966744411703132800043605818264781515818628
183417350944320181422072205232575264178637823764247830463075459125235379847013276604266
480192858898697857061789620797260497731633533325999079686093577332100321276258313994170
1257161225751773389763296657159206229016262776213749408595205272871065583981761665378244
3291290818356622312228100350680358189317154795315249146099522241281096430669026682140562
8616711229318093546921004394881868338935201609731998029703361450972223708025318381043442
22558842869597658328534912833965246827488450033880744943010562111635574693406928460989764
59059817379474881438683734107013872143530148491910236799328324883934500372195467001925850
154620609268826985987516289487076369603101995441849965454974412540167926423179472544787786
404802010427006076523865134354215236665775837833639659565594912736569278897342950632437508
1059785422012191243584079113575569340394225518059069013241810325669539910268849379352524738
2774554255609567654228372206372492784516900716343567380159836064272050451909205187425136706
7263877344816511719101037505541909013156476630971633127237697867146611445458766182922885380
19017077778839967503074740310253234254952529176571332001553257537167783884467093361343519434
49787355991703390790123183425217793751701110898742362877422074744356740207942513901107672922
130344990196270204867294809965400147000150803519655756630712966695902436739360448341979499332
341247614597107223811761246470982647248751299660224907014716825343350570010138831124830825074
893397853595051466567988929447547794746103095461018964413437509334149273291056045032512975890
2338945946188047175892205541871660736989557986722831986225595702659097249863029303972708102596
6123439984969090061108627696167434416222570864707476994263349598643142476298031866885611331898
16031374008719223007433677546630642511678154607399598996564453093270330179031066296684125893098
41970682041188578961192404943724493118811892957491319995430009681167848060795167023166766347396
109880672114846513876143537284542836844757524265074360989725575950233214003354434772816173149090
287671334303350962667238206909904017415460679837731762973746718169531793949268137295281753099874
753133330795206374125571083445169215401624515248120927931514578558362167844449977113029086150532
1971728658082268159709475043425603628789412865906631020820797017505554709584081794043805505351722
5162052643451598105002854046831641670966614082471772134530876473958301960907795405018387429904634
13514429272272526155299087097069321384110429381508685382771832404369351173139304421011356784362180
35381235173365980360894407244376322481364674062054284013784620739149751558510117858015682923181906
92629276247825414927384134636059646059983592804654166658582029813079903502391049153035691985183538
242506593570110264421257996663802615698586104351908215961961468700089958948663029601091393032368708
634890504462505378336389855355348201035774720251070481227302376287189973343598039650238487111922586
1662164919817405870587911569402241987408738056401303227719945660161479961082131089349624068303399050
4351604254989712233427344852851377761190439448952839201932534604197249909902795228398633717798274564
11392647845151730829694122989151891296162580290457214378077658152430269768626254595846277085091424642
29826339280465480255655024114604296127297301422418803932300439853093559395975968559140197537475999362
78086369996244709937270949354660997085729323976799197418823661406850408419301651081574315527336573444
204432770708268649556157823949378695129890670507978788324170544367457665861928984685582749044533720970
535211942128561238731202522493475088303942687547137167553687971695522589166485302975173931606264589466
1401203055677415066637449743531046569781937392133432714336893370719110101637526924239939045774260047428
3668397224903683961181146708099664621041869488853160975456992140461807715746095469744643205716515552818
9603988619033636816905990380767947293343671074426050212034083050666313045600759484993990571375286611026
25143568632197226489536824434204177258989143734424989660645257011537131421056182985237328508409344280260
65826717277558042651704482921844584483623760128848918769901687983945081217567789470717994953852746229754
172336583200476901465576624331329576191882136652121766649059806940298112231647185426916656353148894409002
451183032323872661745025390072144144092022649827516381177277732836949255477373766810031974105593936997252
1181212513771141083769499545885102856084185812830427376882773391570549654200474115003179265963632916582754
3092454508989550589563473247583164424160534788663765749471042441874699707124048578199505823785304812751010
8096151013197510684920920196864390416397418553160869871530353934053549467171671619595338205392281521670276
21195998530602981465199287343010006825031720870818843865120019360285948694390966280586508792391539752259818
55491844578611433710676941832165630058697744059295661723829704146804296616001227222164188171782337735109178
145279535205231319666831538153486883351061511307068141306369093080126941153612715385906055722955473453067716
380346761037082525289817672628295019994486789861908762195277575093576526844836918935553978997084082624093970
995760747906016256202621479731398176632398858278658145279463632200602639380898041420755881268296774419214194
2606935482680966243318046766565899509902709784974065673643113321508231391297857205326713664807806240633548612
6825045700136882473751518819966300353075730496643538875649876332324091534512673574559385113155121947481431642
17868201617729681177936509693333001549324481704956550953306515675464043212240163518351441674657559601810746314
46779559153052161060058010260032704294897714618226113984269670694068038102207816980494939910817556857950807300
122470475841426802002237521086765111335368662149721790999502496406740071094383287423133378057795110972041675586
320631868371228244946654553000262629711208271830939259014237818526152175180942045288905194262567776058174219458
839425129272257932837726137914022777798256153343095986043210959171716454448442848443582204729908217202480982788
2197643519445545553566523860741805703683560188198348699115395058988997188164386500041841419927156875549268728906
5753505429064378727861845444311394333252424411251950111302974217795275110044716651681942055051562409445325203930
15062872767747590630019012472192377296073713045557501634793527594396828141969763455003984745227530352786706882884
39435112874178393162195191972265737554968714725420554793077608565395209315864573713330012180631028648914795444722
103242465854787588856566563444604835368832431130704162744439298101788799805623957684986051796665555593957679451282
270292284690184373407504498361548768551528578666691933440240285739971190101007299341628143209365638132958242909124
707634388215765531365946931640041470285753304869371637576281559118124770497397940339898377831431358804917049276090
1852610879957112220690336296558575642305731335941422979288604391614403121391186521678066990284928438281792904919146
4850198251655571130705061958035685456631440702954897300289531615725084593676161624694302593023353956040461665481348
12697983875009601171424849577548480727588590772923268921579990455560850659637298352404840788785133429839592091524898
33243753373373232383569486774609756726134331615814909464450439750957467385235733432520219773332046333478314609093346
87033276245110095979283610746280789450814404074521459471771328797311551496069901945155818531211005570595351735755140
227856075361957055554281345464232611626308880607749468950863546640977187102973972402947235820300970378307740598172074
596534949840761070683560425646417045428112237748726947380819311125620009812852015263685888929691905564327870058761082
1561748774160326156496399931475018524658027832638431373191594386735882842335582073388110430968774746314675869578111172
4088711372640217398805639368778638528545971260166567172193963849082028517193894204900645403976632333379699738675572434
10704385343760326039920518174860897060979885947861270143390297160510202709246100541313825780961122253824423346448606130
28024444658640760720955915155804052654393686583417243257976927632448579610544407419040831938906734428093570300670245956
73368948632161956122947227292551260902201173802390459630540485736835536122387121715808670035759081030456287555562131738
192082401237845107647885766721849730052209834823754135633644529578058028756616957728385178168370508663275292366016149258
502878255081373366820710072872997929254428330668871947270393102997338550147463751469346864469352444959369589542486316036
1316552364006274992814244451897144057711075157182861706177534779413957621685774296679655415239686826214833476261442798850
3446778836937451611622023282818434243878797140879713171262211235244534314909859138569619381249708033685130839241842080514
9023784146806079842051825396558158673925316265456277807609098926319645323043803119029202728509437274840559041464083442692
23624573603480787914533452906856041777897151655489120251565085543714401654221550218517988804278603790836546285150408247562
61849936663636283901548533324009966659766138701011082947086157704823559639620847536524763684326374097669079813987141299994
161925236387428063790112147065173858201401264447544128589693387570756277264640992391056302248700518502170693156811015652420
423925772498647907468787907871511607944437654641621302821994005007445272154302129636644143061775181408842999656445905657266
1109852081108515658616251576549360965631911699477319779876288627451579539198265396518876126936625025724358305812526701319378
2905630470826899068379966821776571288951297443790338036806871877347293345440494059919984237748099895764231917781134198300868
7607039331372181546523648888780352901221980631893694330544327004590300497123216783241076586307674661568337447530875893583226
19915487523289645571190979844564487414714644451890744954826109136423608145929156289803245521174924088940780424811493482448810
52139423238496755167049290644913109342921952723778540533934000404680523940664252086168659977217097605254003826903604553763204
136502782192200619929956892090174840614051213719444876646975892077617963676063599968702734410476368726821231055899320178840802
357368923338105104622821385625611412499231688434556089406993675828173367087526547819939543254212008575209689340794355982759202
935603987822114693938507264786659396883643851584223391574005135406902137586516043491115895352159656998807836966483747769436804
2449443040128238977192700408734366778151699866318114085315021730392533045672021582653408142802266962421213821558656887325551210
6412725132562602237639593961416440937571455747370118864371060055770696999429548704469108533054641230264833627709486914207216826
16788732357559567735726081475514956034562667375792242507798158436919557952616624530753917456361656728373287061569803855296099268
43953471940116100969538650465128427166116546380006608659023415254987976858420324887792643836030328954855027556999924651681080978
115071683462788735172889869919870325463786971764227583469272087328044372622644350132624014051729330136191795609429970099747143666
301261578448250104549130959294482549225244368912676141748792846729145141009512725510079398319157661453720359271289985647560350020
788713051881961578474503007963577322211946134973800841777106452859391050405893826397614180905743654224969282204439986842933906394
2064877577197634630874378064596249417410594036008726383582526511849028010208168753682763144398073301221187487342029974881241369162
5405919679710942314148631185825170930019835973052378308970473082687692980218612434650675252288476249438593179821649937800790201092
14152881461935192311571515492879263372648913883148408543328892736214050930447668550269262612467355447094592052122919838521129234114
37052724706094634620565915292812619187926905676392847321016205125954459811124393216157112585113590091845182976547109577762597501250
97005292656348711550126230385558594191131803146030133419719722641649328502925511098202075142873414828440956877518408894766663269636
253963153262951500029812775863863163385468503761697552938142962798993525697652140078449112843506654393477687656008117106537392307658
664884167132505788539312097206030895965273708139062525394709165755331248590030909137145263387646548351992106090505942424845513653338
1740689348134565865588123515754229524510352620655490023245984534467000220072440587332986677319432990662498630615509710167999148652356
4557183877271191808225058450056657677565784153827407544343244437645669411627290852861814768570652423635503785756023188079151932303730
11930862283679009559087051834415743508186999840826732609783748778470008014809431971252457628392524280244012726652559854069456648258834
31235402973765836869036097053190572846995215368652790285008001897764354632801005060895558116606920417096534394201656374129218012472772
81775346637618501048021239325155975032798646265131638245240256914823055883593583211434216721428236971045590455952409268318197389159482
214090636939089666275027620922277352251400723426742124450712768846704813017979744573407092047677790496040236973655571430825374155005674
560496564179650497777061623441676081721403524015094735106898049625291383170345650508787059421605134517075120465014305024157925075857540
1467399055599861827056157249402750892912809848618542080869981380029169336493057206952954086217137613055185124421387343641648401072566946
3841700602619934983391410124766576597017026021840531507503046090462216626308825970350075199229807704648480252799147725900787278141843298
10057702752259943123118073124896978898138268216903052441639156891357480542433420704097271511472285500890255633976055834060713433352962948
26331407654159894385962809249924360097397778628868625817414424583610225000991436141941739335187048798022286649129019776281353021917045546
68936520210219740034770354624876101394055067669702825010604116859473194460540887721727946494088860893176604313411003494783345632398173690
180478152976499325718348254624703944084767424380239849214397925994809358380631227023242100147079533881507526291103990708068683875277475524
472497938719278237120274409249235730860247205471016722632589661124954880681352793347998353947149740751345974559900968629422705993434252882
1237015663181335385642474973123003248495974192032810318683371057380055283663427153020752961694369688372530397388598915180199434105025283122
3238549050824727919807150510119774014627675370627414233417523511015210970308928665714260531135959324366245217605895776911175596321641596484
8478631489292848373778976557236318795387051919849432381569199475665577627263358844122028631713508284726205255429088415553327354859899506330
22197345417053817201529779161589182371533480388920882911290074915981521911481147866651825364004565529812370548681369469748806468258056922506
58113404761868603230810360927531228319213389246913216352301025272278988107180084755833447460300188304710906390615019993693092049914271261188
152142868868551992490901303621004502586106687351818766145613000900855442410059106400848517016895999384320348623163690511330469681484756861058
398315201843787374241893549935482279439106672808543082084537977430287339122997234446712103590387809848250139478876051540298316994539999321986
1042802736662810130234779346185442335731213331073810480108000931390006574958932596939287793754267430160430069813464464109564481302135241104900
2730093008144643016462444488620844727754533320412888358239464816739732385753800556371151277672414480633040069961517340788395126911865723992714
7147476287771118919152554119677091847532386630164854594610393518829190582302469072174166039262976011738690140071087558255620899433461930873242
18712335855168713740995217870410430814842626570081675425591715739747839361153606660151346840116513554583030350251745333978467571388520068627012
48989531277735022303833099491554200596995493080080171682164753700414327501158350908279874481086564652010400910684148443679781814732098275007794
128256257978036353170504080604252170976143852670158839620902545361495143142321446064688276603143180401448172381800699997060877872807774756396370
335779242656374037207679142321202312331436064930396347180542882384071101925805987285784955328342976552334116234717951547502851803691225994181316
879081469991085758452533346359354766018164342121030201920726101790718162635096515792666589381885749255554176322353154645447677538265903226147578
2301465167316883238149920896756861985723056961432694258581635422988083385979483560092214812817314271214328412732341512388840180811106483684261418
6025314031959563955997229343911231191151006542177052573824180167173531995303354164483977849070057064387431061874671382521072864895053547826636676
15774476928561808629841767134976831587729962665098463462890905078532512599930578933359718734392856921947964772891672635174378413874054159795648610
41298116753725861933528072061019263572038881453118337814848535068424005804488382635595178354108513701456463256800346523002062376727108931560309154
108119873332615777170742449048080959128386681694256549981654700126739504813534568973425816327932684182421424997509366933831808716307272634885278852
283061503244121469578699275083223613813121163629651312130115565311794508636115324284682270629689538845807811735727754278493363772194708973095527402
741064636399748631565355376201589882310976809194697386408691995808644021094811403880620995561135932355002010209673895901648282600276854284401303354
1940132405955124425117366853521546033119809263954440847095960422114137554648318887357180716053718258219198218893293933426451484028635853880108382660
5079332581465624643786745184363048217048450982668625154879189270533768642850145258190921152600018842302592646470207904377706169485630707355923844626
13297865338441749506242868699567598618025543684051434617541607389487168373902116887215582741746338268688579720517329779706667024428256268187663151218
34814263433859623874941860914339747637028180069485678697745632897927736478856205403455827072638995963763146515081781434742294903799138097207065609028
91144924963137122118582714043451644293058996524405601475695291304296041062666499323151898476170649622600859824728014524520217686969158023433533675866
238620511455551742480806281216015185242148809503731125729340241014960386709143292565999868355872952904039432959102262138818358157108335973093535418570
624716609403518105323836129604593911433387431986787775712325431740585119064763378374847706591448209089517439052578771891934856784355849895847072579844
1635529316755002573490702107597766549058013486456632201407636054206794970485146842558543251418471674364512884198634053536986212195959213714447682320962
4281871340861489615148270193188705735740653027383108828510582730879799792390677149300782047663966814004021213543323388719023779803521791247495974383042
11210084705829466271954108471968350658163945595692694284124112138432604406686884605343802891573428767647550756431336112620085127214606160028040240828164
29348382776626909200714055222716346238751183759694974023861753684418013427669976666730626627056319488938631055750684949141231601840296688836624748101450
76835063624051261330188057196180688058089605683392227787461148914821435876323045394848076989595529699168342410820718734803609678306283906481834003476186
201156808095526874789850116365825717935517633290481709338521693060046294201299159517813604341730269608566396176711471255269597433078555030608877262327108
526635360662529363039362291901296465748463294188052900228103930265317446727574433158592736035595279126530846119313695031005182620929381185344797783505138
1378749273892061214328236759338063679309872249273676991345790097735906045981424139957964603765055567771026142181229613837745950429709588525425516088188306
3609612461013654279945347986112894572181153453632978073809266362942400691216697986715301075259571424186547580424375146482232668668199384390931750481059780
9450088109148901625507807199000620037233588111625257230082008991091296027668669820187938622013658704788616599091895825608952055574888564647369735354991034
24740651866433050596578073610888965539519610881242793616436760610331487391789311473848514790781404690179302216851312330344623498056466309551177455583913322
64771867490150250164226413633666276581325244532103123619228272839903166147699264601357605750330555365749290051462041165424918438594510364006162631396748932
169574950604017699896101167290109864204456122715066577241248057909378011051308482330224302460210261407068567937534811165930131817727064782467310438606333474
443952984321902849524077088236663316032043123613096608104515900888230867006226182389315301630300228855456413761142392332365477014586683983395768684422251490
1162284002361690848676130097419880083891673248124223247072299644755314589967370064837721602430690425159300673345892365831166299226032987167719995614660420996
3042899022763169696504313204022976935642976620759573133112383033377712902895884012123849505661771046622445606276534705161133420663512277519764218159559011498
7966413065927818240836809514649050723037256614154496152264849455377824118720281971533826914554622714708036145483711749652233962764503845391572658864016613498
20856340175020285026006115339924175233468793221703915323682165332755759453264961902477631238002097097501662830174600543795568467629999258654953758432490828996
54602607459133036837181536505123474977369123050957249818781646542889454241074603735899066799451668577796952345040089881734471440125493930573288616433455873490
142951482202378825485538494175446249698638575931167834132662774295912603269958849305219569160352908635889194204945669101407845852746482533064912090867876791474
374251839148003439619433946021215274118546604742546252579206676344848355568801944179759640681607057329870630269796917422489066118113953668621447656170174500932
979804035241631493372763343888199572657001238296470923604957254738632463436446983234059352884468263353722696604445083166059352501595378472799430877642646711322
2565160266576891040498856085643383443852457110146866518235665087871049034740539005522418417971797732731297459543538332075688991386672181749776844976757765633034
6715676764489041628123804913041950758900370092144128631102038008874514640785170033333195901030924934840169682026169913061007621658421166776531104052630650187780
17581870026890233843872558653482468832848653166285519375070448938752494887614971094477169285120977071789211586534971407107333873588591318579816467181134184930306
46029933316181659903493871047405455739645589406712429494109308807382970022059743250098311954332006280527465077578744308260993999107352788962918297490771904603138
120507929921654745866609054488733898386088115053851769107257477483396415178564258655817766577875041769793183646201261517675648123733467048308938425291181528879108
315493856448782577696333292418796239418618755754842877827663123642806275513633032717354987779293119028852085861025040244765950372093048355963896978382772682034186
825973639424692987222390822767654819869768152210676864375731893445022411362334839496247196760004315316763073936873859216622202992545678019582752509857136517223450
2162427061825296383970839175884168220190685700877187715299532556692260958573371485771386602500719826921437135949596537405100658605543985702784360551188636869636164
5661307546051196164690126704884849840702288950420886281522865776631760464357779617817912610742155165447548333911915752998679772824086279088770329143708774091685042
14821495576328292110099540938770381301916181150385471129269064773203020434499967367682351229725745669421207865786150721590938659866714851563526626879937685405418962
38803179182933680165608496111426294065046254500735527106284328542977300839142122485229141078435081842816075263446536411774136206776058275601809551496104282124571844
101588041972472748386725947395508500893222582351821110189583920855728882082926400088005072005579499859027017924553458513731469960461459975241902027608375160968296570
265960946734484564994569346075099208614621492554727803462467434024209345409637077778786074938303417734264978510213839129420273674608321650123896531329021200780317866
696294798230980946596982090829789124950641895312362300197818381216899154145984833248353152809330753343767917606088058874529351063363504975129787566378688441372657028
1822923447958458274796376926414268166237304193382359097130987709626488117028317421966273383489688842297038774308050337494167779515482193275265466167807044123337653218
4772475545644393877792148688413015373761270684834714991195144747662565196938967432650466997659735773547348405318062953607973987483083074850666610937042443928640302626
12494503188974723358580069138824777955046507861121785876454446533361207473788584875985127609489518478345006441646138523329754182933767031276734366643320287662583254660
32711034021279776197948058728061318491378252898530642638168194852421057224426787195304915830808819661487670919620352616381288561318218018979536488992918419059109461354
85638598874864605235264107045359177519088250834470142038050138023901964199491776709929619882936940506118006317214919325814111501020887025661875100335434969514745129402
224204762603314039507844262408016214065886499604879783475982219219284835374048542934483943818002001856866348032024405361061045941744443058006088812013386489485125926852
586975688935077513288268680178689464678571247980169208389896519633952541922653852093522211571069065064481037778858296757369026324212442148356391335704724498940632651154
1536722304201918500356961778128052179969827244335627841693707339682572790393913013346082690895205193336576765304550484911046033030892883387063085195100787007336772026610
4023191223670677987782616654205467075230910485026714316691225499413765829259085187944725861114546514945249258134793157975769072768466208012832864249597636523069683428676
10532851366810115462990888184488349045722904210744515108379969158558724697383342550488094892448434351499171009099828989016261185274505740651435507553692122561872278259418
27575362876759668401190047899259580061937802147206831008448681976262408262890942463519558816230756539552263769164693809073014483055051013941473658411478731162547151349578
72193237263468889740579255513290391140090502230875977916966076770228500091289484840070581556243835267157620298394252438202782263890647301172985467680744070925769175789316
189004348913647000820547718640611593358333704545421102742449548334423092010977512056692185852500749261920597126018063505535332308616890889577482744630753481614760376018370
494819809477472112721063900408544388934910611405387330310382568233040775941643051330005976001258412518604171079659938078403214661960025367559462766211516373918511952265794
1295455079518769337342643982585021573446398129670740888188698156364699235813951641933325742151274488293891916112961750729674311677263185213100905554003795640140775480779012
3391545429078835899306868047346520331404283777606835334255711900861056931500211874469971250452565052363071577259225314110619720369829530271743253895799870546503814490071242
8879181207717738360577960159454539420766453203149765114578437546218471558686683981476588009206420668795322815664714191602184849432225405602128856133395815999370667989434714
23245998194074379182427012431017097930895075831842460009479600737794357744559840069959792777166696954022896869734917260695934827926846686534643314504387577451608189478232900
60858813374505399186703077133596754371918774292377614913860364667164601674992836228402790322293670193273367793540037590485619634348314654001801087379766916355453900445263986
159330441929441818377682218969773165184861247045290384732101493263699447280418668615248578189714313625797206510885195510760924075118097275470759947634913171614753511857559058
417132512413820055946343579775722741182664966843493539282444115123933740166263169617342944246849270684118251739115548941797152591005977172410478755524972598488806635127413188
1092067095312018349461348520357395058363133653485190233115230852108101773218370840236780254550833498426557548706461451314630533697899834241760676318940004623851666393524680506
2859068773522234992437701981296462433906735993612077160063248441200371579488849351092997819405651224595554394380268805002094448502693525552871550201295041273066192545446628330
7485139225254686627851757423531992243357074327351041247074514471493012965248177213042213203666120175360105634434344963691652811810180742416853974284945119195346911242815204484
19596348902241824891117570289299514296164486988441046581160294973278667316255682288033641791592709301484762508922766086072863986927848701697690372653540316312974541182998985122
51303907481470788045500953444366550645136386637972098496406370448342988983518869651058712171112007729094181892333953294526939148973365362676217143675675829743576712306181750882
134315373542170539245385290043800137639244672925475248908058816371750299634300926665142494721743313885797783168079093797507953459992247386330961058373487172917755595735546267524
351642213145040829690654916687033862272597632138453648227770078666907909919383910344368771994117933928299167611903328097996921231003376796316666031444785689009690074900457051690
920611265892951949826579460017301449178548223489885695775251419628973430123850804367963821260610487899099719667630890496482810233017883002619037035960869894111314628965824887546
2410191584533815019789083463364870485263047038331203439097984180220012380452168502759522691787713529768999991390989343391451509468050272211540445076437823993324253811997017610948
6309963487708493109540670930077310006610592891503724621518701121031063711232654703910604254102530101407900254505337139677871718171132933632002298193352602085861446807025227945298
16519698878591664308832929326867059534568731636179970425458119182873178753245795608972290070519876774454700772125022075642163645045348528684466449503619982264260086609078666224946
43249133148066499816958117050523868597095602017036186654855656427588472548504732123006265957457100221956202061869729087248619216964912652421397050317507344706918813020210770729540
113227700565607835142041421824704546256718074414928589539108850099892238892268400760046507801851423891413905413484165186103694005849389428579724701448902051856496352451553645963674
296433968548757005609166148423589770173058621227749581962470893872088244128300470157133257448097171452285514178582766471062462800583255633317777054029198810862570244334450167161482
776074205080663181685457023446064764262457789268320156348303831516372493492633009711353264542440090465442637122264134227083694395900377471373606460638694380731214380551796855520772
2031788646693232539447204921914604522614314746577210887082440600677029236349598558976926536179223099944042397188209636210188620387117876780803042327886884331331072897320940399400834
5319291734999034436656157742297748803580486450463312504899017970514715215556162667219426343995229209366684554442364774403482166765453252871035520523021958613262004311411024342681730
13926086558303870770521268304978641888127144604812726627614613310867116410318889442681352495806464528156011266138884687000257879909241881832303519241178991508454940036912132628644356
36458967939912577874907647172638176860800947363974867377944821962086634015400505660824631143424164375101349243974289286597291472962272392625875037200515015912102815799325373543251338
95450817261433862854201673212935888694275697487111875506219852575392785635882627539792540934466028597148036465783983172791616538977575296045321592360366056227853507361063988001109658
249893483844389010687697372466169489222026145097360759140714735764091722892247376958552991659973921416342760153377660231777558143970453495510089739880583152771457706283866590460077636
654229634271733169208890444185572578971802737804970401915924354716882383040859503335866434045455735651880243994348997522541057892933785190484947627281383402086519611490535783379123250
1712795418970810496938973960090548247693382068317550446607058328386555426230331133049046310476393285539297971829669332335845615534830902075944753141963567053488101128187740759677292114
4484156622640698321608031436086072164108343467147680937905250630442783895650133895811272497383724120966013671494658999484995788711558921037349311798609317758377783773072686495652753092
11739674448951284467885120348167668244631648333125492367108693562941796260720070554384771181674779077358743042654307666119141750599845861036103182253864386221645250191030318727280967162
30734866724213155082047329608416932569786601532228796163420830058382604886510077767343041047640613111110215456468263998872429463087978662070960234962983840906557966800018269686190148394
80464925723688180778256868477083129464728156263560896123153796612206018398810162747644351961247060255971903326750484330498146638664090125176777522635087136498028650209024490331289478020
210659910446851387252723275822832455824397867258453892206040559778235450309920410475590014836100567656805494523783188992622010452904291713459372332942277568587527983827055201307678285666
551514805616865980979912958991414238008465445511800780494967882722500332530951068679125692547054642714444580244599082647367884720048785015201339476191745569264555301272141113591745378978
1443884506403746555687015601151410258200998469276948449278863088389265547282932795561787062805063360486528246210014058949481643707242063332144646095632959139206137919989368139467557851268
3780138713594373686081133844462816536594529962319044567341621382445296309317847318006235495868135438745140158385443094201077046401677404981232598810707131848353858458695963304810928174826
9896531634379374502556385932237039351582591417680185252746001058946623380670609158456919424799342955748892228946315223653749495497790151611553150336488436405855437456098521774965226673210
25909456189543749821588023952248301518153244290721511190896381794394573832693980157364522778529893428501536528453502576760171440091693049853426852198758177369212453909599602020084751844804
67831836934251874962207685924507865202877141454484348319943144324237098117411331313636648910790337329755717356414192506626764824777288997948727406259786095701781924272700284285289028861202
177586054613211875065035033821275294090478180072731533768933051178316720519540013783545423953841118560765615540789074943120123034240173943992755366580600109736133318908501250835782334738802
464926326905383750232897415539318017068557398763710252986856009210713063441208710036999622950733018352541129265953032322733604277943232834029538693482014233506618032452803468222057975355204
1217192926102939375633657212796678757115194016218399225191634976453822469804086116327453444898357936496857772257070022025080689799589524558095860713865442590783720778449909153830391591326810
3186652451403434376668074222850718254277024649891487422588048920150754345971049638945360711744340791138032187505257033752508465120825340840258043448114313538844544302896923993269116798625226
8342764428107363754370565455755476005715879933456063042572511783998440568109062800508628690334664436917238790258701079232444705562886497962678269630477498025749912130240862825976958804548868
21841640832918656886443622144415709762870615150476701705129486431844567358356138762580525359259652519613684183270846203944825651567834153047776765443318180538405192087825664484661759615021378
57182158070648606904960300977491653282895965517974042072815947511535261506959353487232947387444293121923813759553837532602032249140615961180652026699477043589465664133236130628008320040515266
149704833379027163828437280788059250085817281403445424513318356102761217162521921699118316803073226846157757095390666393861271095854013730494179314655112950229991800311882727399363200506524420
391932342066432884580351541386686096974555878692362231467139120796748389980606411610122003021775387416549457526618161648981781038421425230301885917265861807100509736802412051570081281479057994
1026092192820271489912617343371999040837850354673641269888099006287483952779297313131247692262252935403490615484463818553084072019410261960411478437142472471071537410095353427310880643930649562
2686344236394381585157500488729311025538995185328561578197157898065703468357285527783621073764983418793922388926773294010270435019809360650932549394161555606114102493483648230362560650312890692
7032940516362873265559884122815934035779135201312043464703374687909626452292559270219615529032697320978276551295856063477727233040017819992386169745342194347270770070355591263776801307008022514
18412477312694238211522151879718491081798410418607568815912966165663175888520392282875225513333108544140907264960794896422911264100244099326225959841865027435698207717583125560967843270711176850
48204491421719841369006571516339539209616096054510662983035523809079901213268617578406061010966628311444445243586528625791006559260714477986291709780252887959823853082393785419126728505125508036
126200996952465285895497562669300126547049877744924420133193605261576527751285460452342957519566776390192428465798790980950108413681899334632649169498893636443773351529598230696412342244665347258
330398499435676016317486116491560840431533537180262597416545291975649682040587763778622811547733700859132840153809844317059318681784983525911655798716428021371496201506400906670110298228870533738
864994501354562763056960786805382394747550733795863372116442270665372518370477830883525477123634326187206091995630741970227847631673051243102318226650390427670715252989604489313918552441946253956
2264585004628012272853396243924586343811118664207327518932781520020467873070845728871953619823169277702485435833082381593624224213234170203395298881234743261640649557462412561271645359096968228130
5928760512529474055503227944968376636685805258826119184681902289396031100842059355732335382345873506920250215503616402810644825008029459367083578417053839357251233419397633194501017524848958430434
15521696532960409893656287590980543566246297112271030035112925348167625429455332338325052527214451243058265210677766826838310250810854207897855436369926774810113050700730487022231407215449907063172
40636329086351755625465634827973254062053086077986970920656873755106845187523937659242822199297480222254545416529684077704285927424533164326482730692726485073087918682793827872193204121500762759082
106387290726094856982740616892939218619912961121689882726857695917152910133116480639403414070677989423705371038911285406274547531462745285081592755708252680409150705347650996594348205149052381214074
278525543091932815322756215850844401797685797287082677259916213996351885211825504258967420012736488048861567700204172141119356666963702690918295536432031556154364197360159161910851411325656380883140
729189338549703588985528030659593986773144430739558149052890946071902745502360032137498845967531474722879332061701231017083522469428362787673293853587841988053941886732826489138206028827916761435346
1909042472557177951633827876127937558521747494931591769898756624219356351295254592153529117889857936119776428484899520910131210741321385672101586024331494408007461462838320305503766675158093903422898
4997938079121830265915955597724218688792098054055217160643378926586166308383403744323088507702042333636449953392997331713310109754535794228631464219406641235968442501782134427373093996646364948833348
13084771764808312846114038917044718507854546667234059712031380155539142573854956640815736405216269064789573431694092474229799118522285997013792806633888429299897866042508082976615515314781000943077146
34256377215303108272426161153409936834771541947646961975450761540031261413181466178124120707946764860732270341689280090976087245812322196812746955682258646663725155625742114502473451947696637880398090
89684359881101011971164444543185091996460079175706826214320904464554641665689441893556625718624025517407237593373747798698462618914680593424448060412887510691277600834718260530804840528308912698117124
234796702427999927641067172476145339154608695579473516667511951853632663583886859502545756447925311691489442438431963305119300610931719583460597225556403885410107646878412667089941069637230100213953282
614705747402898770952037072885250925467366007562713723788214951096343349085971136614080643625151909557061089721922142116659439213880478156957343616256324145539045339800519740739018368383381387943742722
1609320539780696385215044046179607437247489327108667654697132901435397383674026550339696174427530416979693826727334463044859017030709714887411433623212568551207028372523146555127114035512914063617274884
4213255871939190384693095065653571386275101973763289240303183753209848801936108514405007879657439341382020390460081247017917611878248666505276957253381381508082039777768919924642323738155360802908081930
11030447076036874768864241150781106721577816594181200066212418358194149022134298992875327464544787607166367344652909278008893818604036284628419438136931575973039090960783613218799857178953168345106970906
28878085356171433921899628386689748778458347808780310958334071321372598264466788464220974513976923480117081643498646587008763843933860187379981357157413346411035233104581919731757247798704144232412830788
75603808992477426996834644009288139613797226832159732808789795605923645771266066399787596077385982833184877585843030483017397713197544277511524633335308463260066608352962145976471886217159264352131521458
197933341621260847068604303641174670062933332687698887468035315496398339049331410735141813718181025019437551114030444862043429295658772645154592542848512043369164591954304518197658410852773648823981733586
518196215871305114208978266914235870575002771230936929595316150883271371376728165805637845077157092225127775756248304103112890173778773657952252995210227666847427167509951408616503346341161682119813679300
1356655305992654495558330497101532941662074981005111901317913137153415775080853086681771721513290251655945776154714467447295241225677548328702166442782170957173116910575549707651851628170711397535459304314
3551769702106658372466013224390362954411222171784398774358423260576975953865831094239677319462713662742709552707895098238772833503253871328154246333136285204671923564216697714339051538170972510486564233642
9298653800327320621839709176069555921571591534348084421757356644577512086516640196037260236874850736572182881968970827269023259284084065655760572556626684656842653782074543435365302986342206133924233396612
24344191698875303493053114303818304810303552431259854490913646673155560305684089493872103391161838546973839093199017383568296944348998325639127471336743768765856037782006932591756857420855645891286135956194
63733921296298589857319633735385358509339065759431479050983583374889168830535628285579049936610664904349334397628081323435867573762910911261621841453604621640725459563946254339905269276224731539934174471970
166857572190020466078905786902337770717713644847034582662037103451511946185922795362865046418670156166074164099685226586739305776939734408145738053024070096156320340909831830427958950407818548728516387459716
436838795273762808379397726971627953643801868781672268935127726979646669727232757803016089319399803593873157901427598436782049757056292313175592317618605666828235563165549236943971581947230914645614987907178
1143658813631267959059287394012546090213691961497982224143346077487428062995775478046183221539529254615545309604597568723606843494229142531381038899831746904328386348586815880403955795433874195208328576261818
2994137645620041068798464455066010316997274015712274403494910505482637519260093676335533575299187960252762770912365107734038480725631135280967524381876635046156923482594898404267895804354391670979370740878276
7838754123228855247336105971185484860778130085638840986341385438960484494784505550960417504358034626142743003132497754478508598682664263311521534245798158234142384099197879332399731617629300817729783646373010
20522124724066524673209853458490444265337116241204248555529245811398815965093422976545718937774915918175466238485128155701487315322361654653597078355517839656270228814998739592931299048533510782209980198240754
53727620048970718772293454404285847935233218637973904680246351995235963400495763378676739308966713128383655712322886712625953347284420700649269700820755360734668302345798339446394165527971231528900156948349252
